x
-1 1
1 17215.163095 292157850.620198
2 5161.177139 439897702.65388
3 29.107893 292995706.776489
4 24874.889967 37003813.99964
5 4061.624781 19782819.879692
6 282.289813 9763396.899943
7 37327.682455 13897926.871789
8 2208.862598 4943995.596135
9 147.924068 835645.971125
10 33328.460692 4839290.280027
11 4870.974972 1930906.621288
12 100.810656 237531.718551
13 12905.912345 1449491.723334
14 5422.169291 661433.388814
15 157.379749 102651.972647
16 37.65281 7211279.574243
17 324.656097 7640052.649555
18 53.854744 7173914.851913001
19 2339.640024 7795105.071204
20 1637.923983 7655071.042707
21 341.779877 7200705.703646
22 19235.460991 7815986.951478
23 1869.386688 7622463.253764
24 575.4149179999999 7240023.006592
25 22079.90661 7806843.90759
26 1925.150285 7667303.974143
27 381.61615 7214620.1869
28 370.771588 719091.411357
29 214.636968 692106.4533150001
30 118.50618 659796.5692499999
31 5560.038526 697736.299938
32 845.608697 711446.144844
33 2281.879046 737146.987064
34 9821.531967999999 778920.637978
35 1672.527186 709106.6463049999
36 968.358205 668130.689492
37 11683.159062 714801.590953
38 1708.20666 734501.894829
39 2367.03873 753452.820753
40 330.125372 134232.033252
41 136.526984 101456.547087
42 135.272108 88486.71262400001
43 3241.927721 99271.430565
44 320.29038 117269.895903
45 1608.155289 149047.358345
46 4547.438632 153160.656337
47 1210.877597 115313.110636
48 786.576129 104025.831125
49 5795.472049 138154.317337
50 1573.882047 131101.675968
51 1712.952121 152265.240632
52 166.277392 40620.644243
53 73.20670800000001 22579.756824
54 75.901467 20195.423474
55 1428.896759 25617.844101
56 181.154791 29167.531255
57 874.417636 52099.817874
58 1975.617518 52792.084534
59 717.19784 28559.440331
60 479.096452 30515.690004
61 2607.439972 42916.205585
62 905.585298 36254.709693
63 1155.05499 52983.202453
64 96.0881 12401.440585
65 36.940643 7484.403097
66 45.004445 7455.687813
67 465.936487 8268.083024
68 106.000952 9036.506312
69 403.470273 18386.117793
70 823.6771230000001 16211.979163
71 451.609164 10707.058173
72 278.012411 11946.322573
73 901.495309 19171.575374
74 545.733846 13437.36864
75 740.388401 19009.55857
